7:302,58,8,29,226,17,709,116,14202,8276
18:82026,138,97995,85561,534,226,17,709,116,14202
19:19480,5048,17,709,116,14202,8276,18867,1039,3476
36:2162,6450,654,29,12479,8,17,709,116,14202
37:10520,57491,1951,2268,8,1086,2848,17,709,116
41:14202,356,101,1951,1804,2268,1462,3704,17,709
42:2193,35036,2265,2162,6450,289,3704,17,709,116
43:1352,875,2162,1187,1937,226,17,709,116,14202
44:2316,26042,84,302,616,1804,1550,2848,17,709
45:790,2935,115546,58732,4858,698,17,709,116,14202
46:109,7506,1102,302,289,8,8868,226,17,709
59:16134,119,1102,654,29,1086,48343,6503,17,709
60:6011,302,58,29,616,495,1009,2848,17,709
69:813,14551,861,58,1804,1187,7806,2848,17,709
70:3107,1389,1187,302,226,17,709,116,14202,8276
94:9617,6270,1086,84,495,1102,508,2848,17,709
106:14202,67595,101,29,866,84,1471,1097,17,709
115:966,2816,289,29,58,861,4210,6503,17,709
116:29001,834,1057,86,8579,1389,226,17,709,116
142:19984,296,29,8,58,861,1510,2848,17,709
143:49245,86747,17,302,709,116,14202,8276,18867,1039
148:378,5545,1057,86,8579,731,8,17,709,116
150:654,861,302,289,669,17,709,116,14202,8276
156:568,7029,1527,189,302,8,18876,226,17,709
161:1926,179,84,29,616,1804,6754,226,17,709
171:28641,2265,3389,302,861,226,17,709,116,14202
172:1937,1217,654,861,58,84,5927,224,17,709
174:74620,226,17,709,116,14202,8276,18867,1039,3476
177:2403,1827,790,2265,2848,17,709,116,14202,8276
196:3476,650,1187,29,616,289,3704,17,709,116
202:220,48,1102,1187,302,301,17,709,116,14202
211:1057,86,8579,873,6503,17,709,116,14202,8276
217:17,55991,15,3233,1511,364,226,302,709,116
220:32778,65550,98335,81995,224,17,709,116,14202,8276
223:119,167,866,58,302,554,26981,2848,17,709
224:4755,42197,103161,87041,4797,224,17,709,116,14202
225:32619,353,1187,3389,10039,2162,5157,226,17,709
228:650,10039,361,32200,47859,568,224,17,709,116
229:1410,2068,101,518,1086,58,3704,17,709,116
231:2904,302,654,84,58,3631,8,17,709,116
232:9,114712,114716,16413,698,17,709,116,14202,8276
238:42397,26712,1382,105183,67162,34662,226,17,709,116
241:7973,289,29,518,58,776,3704,17,709,116
245:40012,81,17,709,116,14202,8276,18867,1039,3476
249:8483,91955,2265,189,1352,2696,5117,226,17,709
250:285,3250,2265,1086,4755,302,358,226,17,709
253:2714,2696,1827,3107,776,8,17,709,116,14202
257:354,65,861,84,289,17,44444,3704,302,709
272:1102,1352,654,29,224,17,709,116,14202,8276
273:967,302,654,861,289,3112,226,17,709,116
288:5998,1548,29,58,616,84,3704,17,709,116
290:18867,13501,1057,86,8579,226,6503,17,709,116
291:61628,16625,518,84,1102,616,1050,3704,17,709
292:10930,654,289,146,1804,34752,3704,17,709,116
294:1102,353,302,8,596,226,17,709,116,14202
328:302,654,84,58,239,2848,17,709,116,14202
331:2403,2714,2696,189,6457,17,302,709,116,14202
345:29573,62840,11401,77581,1754,2848,17,709,116,14202
361:29,58,5767,8,3234,224,17,709,116,14202
376:8683,189,1389,302,6759,17,226,654,709,116
384:4940,1684,189,654,616,302,1444,226,17,709
401:1009,19431,1102,29,58,1187,2061,3704,17,709
402:4793,3304,302,654,861,1804,226,17,709,116
410:1730,2030,4755,837,8,17,709,116,14202,8276
448:598,17532,2696,1827,2403,2714,44318,2848,17,709
449:65,5214,1086,2030,15,94,8,17,709,116
450:8105,116,654,84,302,29,624,3704,17,709
452:749,81553,91404,45412,61594,2848,17,709,116,14202
476:398,8213,2714,2696,1827,790,669,17,709,116
488:43182,4478,1102,302,518,1086,431,3704,17,709
490:302,29,289,101,4181,226,17,709,116,14202
494:9942,6923,654,29,616,58,11208,1744,17,709
500:11210,47243,10014,35096,14750,17,302,709,116,14202
514:8276,5214,2403,1827,790,3017,4190,2848,17,709
525:116,1187,875,6450,518,9581,301,17,709,14202
535:1102,29,861,8,1762,226,17,709,116,14202
536:813,8276,418,1057,1951,86,226,17,709,116
538:10269,5258,1057,1102,8579,86,3704,17,709,116
539:14202,1039,2265,654,29,861,226,17,709,116
564:86763,97,289,861,554,84,4068,669,17,709
582:1550,510,29,518,616,3704,17,709,116,14202
585:17,185,790,2935,3389,84,224,302,709,116
590:11108,2073,1057,189,8579,654,224,17,709,116
601:31717,69110,27912,75023,118676,224,17,709,116,14202
618:1403,226,4904,138,7264,2848,17,709,116,14202
624:48728,15440,79595,62199,3915,698,17,709,116,14202
627:77531,114599,19731,97459,301,17,709,116,14202,8276
628:75280,6526,39233,21488,17,302,709,116,14202,8276
632:875,2162,1187,5246,8,17,709,116,14202,8276
633:1039,289,1086,5767,58,2000,226,17,709,116
634:780,24407,111781,61966,367,226,17,709,116,14202
646:20382,1913,1205,101326,83231,1936,2848,17,709,116
666:4510,10192,48612,81362,628,17048,226,17,709,116
667:1405,37653,353,1382,302,645,2848,17,709,116
669:111861,34602,32787,32789,224,17,709,116,14202,8276
678:76,21462,3107,1527,1389,861,5922,226,17,709
680:559,65,1951,654,29,1086,138,224,17,709
681:46215,6411,2714,2696,1827,1527,8,17,709,116
682:2614,26376,1913,944,1168,542,19962,2848,17,709
683:112536,71448,226,17,709,116,14202,8276,18867,1039
684:64022,32802,46632,16650,11470,226,17,709,116,14202
715:66258,15622,63930,100217,2848,17,709,116,14202,8276
716:2714,2696,1827,2403,37600,226,17,709,116,14202
741:1803,301,2714,2696,1827,774,226,17,709,116
750:2369,2059,48,1102,1187,8,888,6503,17,709
754:709,4034,1086,84,554,1140,708,3704,17,116
756:8105,1217,1527,2265,189,510,3,226,17,709
757:564,84,92932,13872,224,17,709,116,14202,8276
758:15,15676,2714,2696,1827,774,120,669,17,709
763:354,40704,84,2265,189,29,698,17,709,116
773:28635,40618,13958,35930,12880,8,17,709,116,14202
774:116,521,302,289,554,17,15141,226,654,709
775:559,13070,1102,101,518,866,23581,6503,17,709
782:29709,1039,1057,86,8579,1086,10323,226,17,709
784:5159,14202,302,518,861,84,43008,3704,17,709
793:398,709,189,654,29,616,238,301,17,116
803:189,3389,6450,1119,138,698,17,709,116,14202
813:8276,35068,518,654,616,84,13545,3704,17,709
815:749,2265,189,3017,364,37240,226,17,709,116
817:749,1102,29,58,8,31419,866,17,709,116
818:12657,5480,984,70885,4119,4940,224,17,709,116
823:28,1744,1389,1382,111391,82065,7630,226,17,709
825:3632,77914,1102,654,29,1086,1119,301,17,709
833:1548,17164,302,8,58,861,24323,226,17,709
835:8276,1527,2265,1057,86,68354,301,17,709,116
838:8066,113566,45281,84808,28371,226,17,709,116,14202
844:29,58,861,8,669,17,709,116,14202,8276
850:866,84711,91694,23316,354,17,302,709,116,14202
856:13498,5567,182,591,999,301,3852,3704,17,709
857:709,3476,189,3017,3389,302,226,17,116,14202
874:1696,81912,302,518,58,861,7061,6503,17,709
891:361,116449,88980,22134,254,17,302,709,116,14202
899:10930,1815,827,4268,1511,327,94,2848,17,709
900:189,4755,837,54540,17,302,709,116,14202,8276
911:2403,1827,774,302,226,17,709,116,14202,8276
918:2917,1086,84,654,94,327,226,17,709,116
925:3017,564,84,28072,8,17,709,116,14202,8276
926:116,7973,302,58,861,103,449,226,17,709
937:61146,23122,875,1951,6450,518,2950,3704,17,709
949:1790,301,17,709,116,14202,8276,18867,1039,3476
964:2403,4268,354,119,226,17,709,116,14202,8276
970:5998,85138,58256,74278,103456,17,302,709,116,14202
977:1217,709,29,518,361,17,301,302,116,14202
981:4513,55307,84074,49682,113268,1757,226,17,709,116
982:2162,875,1119,354,646,226,17,709,116,14202
984:4268,1572,84,654,29,8,226,17,709,116
992:2068,2714,2696,1827,774,13106,226,17,709,116
993:18057,654,29,518,361,3704,17,709,116,14202
998:6573,1057,86,8579,84,7806,3704,17,709,116
1000:3233,14202,101,29,58,861,5924,301,17,709
1007:116,709,189,654,29,554,6445,698,17,14202
1027:2714,2696,1827,774,6097,224,17,709,116,14202
1028:302,518,1168,58,28943,3704,17,709,116,14202
1044:1874,4288,2403,2714,2696,84,5927,226,17,709
1045:356,65,1951,58,861,2030,518,226,17,709
1049:790,2935,98291,40924,5287,8,17,709,116,14202
1068:3107,4755,27327,90765,8,17,709,116,14202,8276
1069:1217,28684,1187,875,654,101,301,17,709,116
1070:18315,32743,518,58,84,17,1009,3704,302,709
1082:15141,101,518,866,84,67278,226,17,709,116
1083:1034,17,302,709,116,14202,8276,18867,1039,3476
1088:6809,3642,2714,2696,1827,189,1987,226,17,709
1094:1039,16319,29,58,554,616,239,3704,17,709
1116:65,302,654,84,58,226,17,709,116,14202
1121:17,11017,46256,74826,63725,224,302,709,116,14202
1125:2982,1039,84,1804,58,302,94,3704,17,709
1127:65,427,189,6759,1804,4755,226,17,709,116
1132:2714,2696,1827,3017,63407,698,17,709,116,14202
1133:3476,14202,1102,101,861,8,6503,17,709,116
1140:302,58,616,29,101,289,4210,226,17,709
1141:168,18122,63109,66608,1790,698,17,709,116,14202
1148:3107,875,2162,4755,6503,17,709,116,14202,8276
1153:6968,26460,1102,875,654,289,15,8725,17,709
1163:1097,2848,17,709,116,14202,8276,18867,1039,3476
1166:353,3389,2268,726,4299,226,17,709,116,14202
1172:7984,56962,3017,1804,101,103,1240,226,17,709
1192:1102,189,302,101,1089,226,17,709,116,14202
1204:3107,2265,4755,68774,18788,17,302,709,116,14202
1208:162,168,112391,62020,194,226,17,709,116,14202
1209:28541,1218,1119,1382,1410,18943,16305,224,17,709
1234:38251,2403,1827,774,182,226,17,709,116,14202
1236:65,100873,98871,116526,76489,8566,224,17,709,116
1245:65,1187,2162,875,302,226,17,709,116,14202
1263:8683,1384,302,58,861,1804,2366,224,17,709
1267:1567,19300,101,58,302,654,698,17,709,116
1269:4021,3107,4755,34129,52334,7859,8,17,709,116
1288:67016,97859,87616,95607,109653,1017,17,302,709,116
1295:15,6759,101,518,616,1762,6925,226,17,709
1296:709,654,29,1086,861,591,669,17,116,14202
1302:709,1086,1168,654,616,5575,226,17,116,14202
1305:28,84,302,58,861,4210,224,17,709,116
1342:518,84,1102,616,9581,3704,17,709,116,14202
1382:11243,1827,2696,2403,2714,226,17,709,116,14202
1389:114700,98315,65547,16384,75115,17,302,709,116,14202
1391:95165,100182,114700,49158,26376,8,17,709,116,14202
1397:101422,45231,110652,30184,17071,226,17,709,116,14202
1402:3107,48,2265,1187,1089,224,17,709,116,14202
1405:226,17,709,116,14202,8276,18867,1039,3476,10930
1407:1324,114700,98315,65547,16384,17,302,709,116,14202
1408:17,2403,2714,2696,774,12223,3704,302,709,116
1409:387,908,101,8,616,1762,226,17,709,116
1412:2013,1462,70,654,354,1693,17,302,709,116
1413:3250,116,861,289,101,1762,29202,3704,17,709
1418:1405,1684,654,289,861,554,1499,669,17,709
1419:827,4755,837,1410,8498,226,17,709,116,14202
1420:179,1187,2162,5767,8,3632,226,17,709,116
1427:4187,3159,29,17,554,84,2848,302,709,116
1430:1196,3057,1527,58,654,302,24893,224,17,709
1431:285,654,58,554,84,4292,226,17,709,116
1435:967,1930,302,58,616,84,9581,226,17,709
1437:81490,20493,86089,79573,3847,698,17,709,116,14202
1441:6559,32794,24,114725,16414,226,17,709,116,14202
1447:18867,1827,2696,2403,2714,10702,301,17,709,116
1448:32778,65550,98335,81995,226,17,709,116,14202,8276
1457:322,106013,3861,92624,53955,226,17,709,116,14202
1458:10520,14330,48,1187,302,101,6503,17,709,116
1469:32741,12259,875,302,6450,518,6477,226,17,709
1477:6527,22136,6450,518,1086,48,4292,3704,17,709
1486:168,113585,70808,48554,14147,8,17,709,116,14202
1490:10973,65,866,3861,1037,16261,7707,226,17,709
1491:302,654,58,84,239,226,17,709,116,14202
1500:5103,1196,302,518,361,58,5542,3704,17,709
1503:454,3389,654,8,1086,239,226,17,709,116
1517:80218,95331,111233,27097,226,17,709,116,14202,8276
1518:65,1527,2583,650,1410,8,17,709,116,14202
1535:13739,568,48,899,58,84,3704,17,709,116
1551:8276,616,8,554,1762,7235,669,17,709,116
1552:15294,10906,51151,65556,29723,226,17,709,116,14202
1553:8683,518,2030,542,61,616,301,17,709,116
1559:5991,418,654,616,302,1140,226,17,709,116
1560:10323,85755,302,518,58,861,9914,2848,17,709
1561:4174,902,29,518,58,616,12680,6503,17,709
1562:5465,709,1102,654,29,616,1631,669,17,116
1569:986,39900,93883,75144,98400,226,17,709,116,14202
1570:18835,2714,2696,1827,1352,224,17,709,116,14202
1588:3886,97112,91208,80185,109588,17,302,709,116,14202
1589:42489,1217,189,654,875,2162,226,17,709,116
1591:224,17,709,116,14202,8276,18867,1039,3476,10930
1601:749,3841,3017,15,1511,364,224,17,709,116
1602:185,16056,875,6450,2268,1086,367,2848,17,709
1629:1410,1039,3389,1951,2268,4268,709,226,17,116
1634:113297,114526,66578,100188,8337,698,17,709,116,14202
1642:1102,2265,302,861,28651,226,17,709,116,14202
1653:23813,1527,101,8,58,94,698,17,709,116
1654:25164,9789,48,1187,302,101,669,17,709,116
1655:1009,16514,654,289,29,8,3,2848,17,709
1668:43182,15522,29,616,289,101,2848,17,709,116
1681:3915,518,2265,1057,189,875,14685,226,17,709
1703:20192,116,6450,518,84,1119,12776,3704,17,709
1721:54100,90779,107085,51214,226,17,709,116,14202,8276
1727:5315,68712,182,787,1245,12745,226,17,709,116
1728:3107,302,58,616,3730,866,17,709,116,14202
1745:944,542,327,61,53707,226,17,709,116,14202
1746:101,1511,726,3233,7323,17,224,302,709,116
1751:51158,427,302,654,402,84,6503,17,709,116
1756:803,9077,690,1102,944,1951,8,1733,224,17
1758:1220,827,402,736,5480,18807,226,17,709,116
1761:66480,59620,119401,76504,226,17,709,116,14202,8276
1767:1187,875,6450,58,836,6503,17,709,116,14202
1779:1674,698,17,709,116,14202,8276,18867,1039,3476
1780:104391,120791,22720,14876,17,302,709,116,14202,8276
1783:7407,418,189,302,58,29202,224,17,709,116
1787:1217,19442,29,518,616,289,2526,3704,17,709
1788:3107,1389,731,4755,2345,301,17,709,116,14202
1794:1832,427,5767,402,1403,15,226,17,709,116
1796:2166,2770,654,29,8,361,226,17,709,116
1803:709,1086,84,654,94,32,226,17,116,14202
1820:65,10041,1352,2880,69667,226,17,709,116,14202
1821:14202,2302,1730,4268,5117,15,61,226,17,709
1822:2976,10560,1951,146,402,1190,2526,226,17,709
1823:39119,1220,84,289,17,554,3141,3704,302,709
1840:60,1009,616,1804,354,596,3704,17,709,116
1841:9491,70,5480,984,111695,1013,301,17,709,116
1842:2403,2714,2696,302,58,17,654,709,116,14202
1850:28,8,84,726,101,1941,17,302,709,116
1853:7037,866,1403,736,616,7546,224,17,709,116
1854:1387,1039,302,8,654,861,2848,17,709,116
1862:3915,57158,1102,302,616,554,138,3704,17,709
1880:875,1119,226,138,496,224,17,709,116,14202
1883:4502,13063,1102,1086,58,8,14804,6503,17,709
1890:990,2265,302,654,674,224,17,709,116,14202
1891:302,58,654,18362,17,76,709,116,14202,8276
1893:6011,185,146,84,302,654,11223,3704,17,709
1894:18287,654,29,58,84,8,17,709,116,14202
1911:50310,99722,18258,64564,5319,669,17,709,116,14202
1912:1730,1762,226,182,6073,698,17,709,116,14202
1913:28413,95074,29563,115349,7409,17,302,709,116,14202
1930:48930,2714,2696,1827,774,7160,8,17,709,116
1932:95798,33562,58808,91586,68497,18614,26813,2848,17,709
1950:4254,3465,361,861,554,1804,8095,301,17,709
1951:43119,60195,22516,115025,5182,17,302,709,116,14202
1952:189,616,289,17,891,226,302,709,116,14202
2005:1217,65726,1102,302,101,518,591,226,17,709
2017:26739,226,17,709,116,14202,8276,18867,1039,3476
2025:77172,111350,60222,111627,923,17,302,709,116,14202
2030:568,1951,2268,1190,32,226,17,709,116,14202
2034:32154,28216,43289,84200,226,17,709,116,14202,8276
2038:76806,115612,45618,26967,8881,224,17,709,116,14202
2046:91537,34816,65592,32826,8,17,709,116,14202,8276
2058:12597,92462,106372,102397,66988,224,17,709,116,14202
2068:1451,9617,2268,8,2030,1190,2233,2848,17,709
2070:2338,2537,568,189,1951,84,2268,13580,3704,17
2071:650,12042,302,101,518,58,3704,17,709,116
2072:4364,1102,518,2162,146,226,17,709,116,14202
2074:4660,924,1389,1410,95561,99130,7926,226,17,709
2075:3476,28,101,302,8,1086,301,17,709,116
2076:17,302,709,116,14202,8276,18867,1039,3476,10930
2077:10930,8483,1102,189,654,29,1794,3704,17,709
2080:16104,356,2403,2714,2696,654,44,226,17,709
2085:3551,89092,1389,1109,226,1382,224,17,709,116
2097:709,967,289,1086,84,1187,2526,3704,17,116
2112:866,84,654,5480,3915,226,17,709,116,14202
2115:65,119,2265,1057,86,1168,226,17,709,116
2116:790,1187,1951,2268,4802,226,17,709,116,14202
2123:65,48,1102,899,654,496,226,17,709,116
2135:1966,1359,1382,1205,3233,8873,827,226,17,709
2141:65542,98314,1,81931,34319,226,17,709,116,14202
2147:3250,16911,94418,67636,49802,83560,6059,226,17,709
2154:2677,12657,1730,2030,4755,1511,226,17,709,116
2160:188,30094,302,361,861,2030,5787,226,17,709
2162:661,2012,5480,719,95503,102791,20451,226,17,709
2170:709,189,510,302,364,394,226,17,116,14202
2177:14500,82102,184,49424,336,54962,301,17,709,116
2184:11522,13683,189,289,58,4755,1180,2848,17,709
2185:731,1410,6632,28702,8,17,709,116,14202,8276
2187:17020,49859,99022,33664,2548,17,709,116,14202,8276
2211:2714,2696,1827,774,13049,8,17,709,116,14202
2223:533,7305,111861,114,101,6916,224,17,709,116
2243:119,559,1168,1951,1086,2268,1023,301,17,709
2244:699,1405,616,101,289,224,813,226,17,709
2247:6,3250,48,1187,1389,518,3249,226,17,709
2250:49715,301,17,709,116,14202,8276,18867,1039,3476
2253:5103,2403,2714,2696,3107,30143,226,17,709,116
2260:23423,301,17,709,116,14202,8276,18867,1039,3476
2261:8276,1631,1102,101,1086,58,7739,6503,17,709
2262:96,17,709,116,14202,8276,18867,1039,3476,10930
2290:65,94,1102,29,518,554,3704,17,709,116
2291:13636,101,29,616,17,449,669,302,709,116
2293:236,4907,101,84,58,554,939,226,17,709
2301:48518,94902,75910,26080,14018,224,17,709,116,14202
2302:16229,39395,17,302,709,116,14202,8276,18867,1039
2304:5480,719,984,75389,6503,17,709,116,14202,8276
2318:23243,1217,654,29,84,289,591,2848,17,709
2325:875,6450,8,48,4420,226,17,709,116,14202
2335:1119,15510,289,1086,654,616,483,226,17,709
2343:106917,73935,21567,48693,55516,226,17,709,116,14202
2346:70,74521,65021,83688,1218,301,17,709,116,14202
2347:114024,31224,55325,95841,226,17,709,116,14202,8276
2348:179,54357,302,8,654,495,999,226,17,709
2362:224,17,709,116,14202,8276,18867,1039,3476,10930
2363:8276,302,6759,616,29,17,654,709,116,14202
2364:2655,302,101,616,29,554,669,17,709,116
2369:5638,6098,70,25978,48935,78608,301,17,709,116
2373:953,49219,84,1102,101,616,3704,17,709,116
2381:17431,1109,495,103,363,29,13684,226,17,709
2382:790,2935,4268,564,226,17,709,116,14202,8276
2384:1119,67341,18220,48935,496,669,17,709,116,14202
2385:302,58,29,616,3730,698,17,709,116,14202
2392:2703,17,709,116,14202,8276,18867,1039,3476,10930
2393:559,9617,84,944,3017,1951,2139,2848,17,709
2394:18867,5465,944,1951,1086,731,19079,3704,17,709
2395:616,1804,289,17,7624,226,302,709,116,14202
2399:1527,3107,418,1057,8,17,709,116,14202,8276
2405:559,356,1951,58,1190,2268,591,301,17,709
2407:18287,1649,866,105922,103085,55617,698,17,709,116
2408:302,654,84,58,866,17,709,116,14202,8276
2419:17793,90192,36009,123315,17224,17,302,709,116,14202
2429:84711,91694,23316,104468,354,301,17,709,116,14202
2447:3389,29,861,289,101,866,17,709,116,14202
2452:301,17,709,116,14202,8276,18867,1039,3476,10930
2453:17,302,709,116,14202,8276,18867,1039,3476,10930
2454:1168,1352,2880,1527,8,17,709,116,14202,8276
2456:29,58,17,616,866,302,709,116,14202,8276
2461:9525,1548,29,518,289,101,11459,2848,17,709
2464:967,12883,48,1057,1187,86,226,17,709,116
2465:559,119,189,1951,58,2268,3235,224,17,709
2469:559,3107,1951,302,875,226,17,709,116,14202
2489:2632,67480,78781,110844,1944,224,17,709,116,14202
2491:2319,226,17,709,116,14202,8276,18867,1039,3476
2499:50804,1097,16207,61594,37929,12314,2848,17,709,116
2500:11626,709,1527,1352,654,29,888,226,17,116
2501:162,79649,77327,45793,94557,226,17,709,116,14202
2505:8105,2714,2696,1827,2265,24131,3704,17,709,116
2510:64153,61999,67434,98314,224,17,709,116,14202,8276
2515:116,564,65413,70019,70359,226,17,709,14202,8276
2518:3928,111172,53761,83845,98314,2848,17,709,116,14202
2520:1039,22121,84,101,616,1804,94,6503,17,709
2521:398,3753,1951,2268,302,654,239,224,17,709
2524:302,654,58,1476,17,76,709,116,14202,8276
2536:559,967,1951,302,1190,2268,14904,226,17,709
2541:101,48,861,58,1200,226,17,709,116,14202
2547:3233,1245,1511,81627,669,17,709,116,14202,8276
2553:77721,25751,82341,49764,226,17,709,116,14202,8276
2558:9247,12254,48,1187,29,58,8,17,709,116
2560:645,189,29,58,84,44207,3704,17,709,116
2563:15453,19984,1086,861,58,84,5605,3704,17,709
2573:749,8868,29,6759,58,616,24323,226,17,709
2591:418,302,645,168,44480,224,17,709,116,14202
2596:366,518,84,1102,616,1342,3704,17,709,116
2597:780,23933,90231,28953,28926,70,17,709,116,14202
2601:302,58,29,616,2848,17,709,116,14202,8276
2604:367,2403,1827,774,327,2512,2848,17,709,116
2611:9617,86,302,654,84,131,226,17,709,116
2612:518,861,58,84,813,3704,17,709,116,14202
2615:189,2696,1827,2403,3017,224,17,709,116,14202
2625:2403,1827,774,226,20652,710,17,709,116,14202
2626:116,699,84,302,518,616,3704,17,709,14202
2634:8213,10046,101,58,554,1804,81,17,709,116
2636:3107,654,29,58,239,226,17,709,116,14202
2639:1086,94,508,542,226,17,709,116,14202,8276
2650:64536,38794,103292,119401,226,17,709,116,14202,8276
2661:122448,114700,49158,98315,2470,224,17,709,116,14202
2663:2583,354,931,30411,226,17,709,116,14202,8276
2666:3250,3107,4755,5480,719,698,17,709,116,14202
2676:5420,24698,302,654,58,1476,12821,226,17,709
2689:74776,1352,162,327,1382,94,2848,17,709,116
2693:790,2935,11796,122548,53164,8,17,709,116,14202
2708:116,22606,101,8,1086,58,226,17,709,14202
2709:238,1389,3107,189,4755,402,226,17,709,116
2713:13615,699,1951,8,84,1190,226,17,709,116
2715:2259,1389,731,4755,984,3599,226,17,709,116
2716:96532,24589,7733,103914,4238,226,17,709,116,14202
2727:20913,7909,2265,29,58,353,7029,226,17,709
2730:5871,10520,654,29,1086,2162,1023,226,17,709
2731:18127,12710,2403,2714,2696,48,29,226,17,709
2734:116048,119683,69032,120560,698,17,709,116,14202,8276
2735:3107,518,84,837,6503,17,709,116,14202,8276
2737:42701,109286,99799,16388,5715,226,17,709,116,14202
2745:2403,2714,2696,774,8427,226,17,709,116,14202
2746:2403,2714,2696,774,24118,698,17,709,116,14202
2748:113729,5287,698,17,709,116,14202,8276,18867,1039
2756:1550,302,654,84,58,2267,866,17,709,116
2760:189,29,861,289,3730,224,17,709,116,14202
2776:8178,301,17,709,116,14202,8276,18867,1039,3476
2799:97862,52052,63794,102308,710,17,709,116,14202,8276
2802:302,654,84,58,866,17,709,116,14202,8276
2803:2595,17,302,709,116,14202,8276,18867,1039,3476
2804:224,354,1245,1382,7984,226,17,709,116,14202
2805:17,302,709,116,14202,8276,18867,1039,3476,10930
2812:22606,48,3017,1187,8,690,2848,17,709,116
2815:19102,62664,12982,13371,301,17,709,116,14202,8276
2827:5017,273,1057,86,8579,1462,2428,226,17,709
2831:84,2265,1057,86,226,17,709,116,14202,8276
2846:7655,16056,2265,944,101,518,1125,226,17,709
2848:521,1217,189,654,289,29,554,226,17,709
2853:18850,34823,301,17,709,116,14202,8276,18867,1039
2854:104226,418,189,10041,1119,496,226,17,709,116
2857:1133,57431,4755,74075,12123,94024,224,17,709,116
2858:354,944,29,84,289,3234,3704,17,709,116
2861:46215,1352,71714,67689,117378,226,17,709,116,14202
2871:2714,2696,1827,189,226,17,709,116,14202,8276
2907:116,654,302,58,84,1109,96,226,17,709
2912:1527,53499,18122,18943,6503,17,709,116,14202,8276
2914:1102,510,58,5767,226,17,709,116,14202,8276
2924:79545,95106,24247,81764,2028,226,17,709,116,14202
2925:62472,69432,102325,56839,16669,226,17,709,116,14202
2947:90863,46125,45907,29331,74456,226,17,709,116,14202
2951:99399,51550,2745,90444,12712,17,302,709,116,14202
2959:7869,944,82400,55330,39802,55749,5947,224,17,709
2960:65,418,8579,86,3389,2149,226,17,709,116
2963:1089,790,2935,6759,726,226,17,709,116,14202
2965:65541,32770,81926,16384,17,709,116,14202,8276,18867
2967:1287,46215,353,302,654,402,48475,2848,17,709
2970:1057,86,8579,616,226,17,709,116,14202,8276
2977:59612,3915,111069,81573,4737,25183,2848,17,709,116
2981:1217,1455,2265,29,861,289,6541,226,17,709
2989:709,1196,48,1187,2162,1403,1960,226,17,116
2990:29000,116592,52126,70090,113040,8,17,709,116,14202
3002:1247,17,709,116,14202,8276,18867,1039,3476,10930
3004:168,32702,15106,32802,2153,224,17,709,116,14202
3011:2807,116597,114703,81935,17,302,709,116,14202,8276
3013:1389,353,138,873,8,17,709,116,14202,8276
3037:42168,17,709,116,14202,8276,18867,1039,3476,10930
3038:1410,16197,16388,49159,247,8,17,709,116,14202
3044:554,302,654,2369,239,226,17,709,116,14202
3070:564,82677,13739,107214,3095,698,17,709,116,14202
3081:26821,354,3855,48614,11348,8,17,709,116,14202
3100:302,101,616,29,554,226,17,709,116,14202
3102:62921,16650,51478,32802,3927,301,17,709,116,14202
3105:418,861,58,654,2149,226,17,709,116,14202
3107:18867,28943,3107,1730,4755,736,7548,301,17,709
3110:378,2714,2696,1827,1352,105,226,17,709,116
3111:1804,302,101,654,1684,226,17,709,116,14202
3113:55330,96605,82400,24894,1876,226,17,709,116,14202
3121:1535,116,101,8,361,861,669,17,709,14202
3125:749,3017,354,3855,182,2618,226,17,709,116
3126:891,17,709,116,14202,8276,18867,1039,3476,10930
3129:559,8276,302,289,1086,616,1549,226,17,709
3139:361,116449,88980,22134,9739,17,302,709,116,14202
3144:709,518,84,1102,5480,226,17,116,14202,8276
3152:236,11,45,4364,27342,16651,2848,17,709,116
3166:500,17,709,116,14202,8276,18867,1039,3476,10930
3167:43490,418,944,1389,564,4727,226,17,709,116
3169:47872,36134,1951,1190,2268,302,9617,301,17,709
3170:1382,56152,44295,93407,17,302,709,116,14202,8276
3172:94614,65940,34831,111612,14857,698,17,709,116,14202
3176:5367,5344,510,58,616,495,19405,301,17,709
3183:709,18867,790,2935,654,29,2618,698,17,116
3184:69558,4763,48960,89943,226,17,709,116,14202,8276
3193:24472,3476,289,58,8,554,226,17,709,116
3195:2937,354,518,16651,646,226,17,709,116,14202
3220:2059,616,289,101,84,554,226,17,709,116
3229:2369,117556,32,58991,345,226,17,709,116,14202
3234:20591,1102,518,302,654,3704,17,709,116,14202
3237:110318,34730,65550,49175,301,17,709,116,14202,8276
3238:65,119,1126,787,1190,698,17,709,116,14202
3239:29,58,17,616,3234,866,302,709,116,14202
3246:43888,98635,16727,64852,81213,53317,226,17,709,116
3258:654,1951,29,8,899,226,17,709,116,14202
3263:18867,4755,554,302,3233,22851,8,17,709,116
3264:301,17,709,116,14202,8276,18867,1039,3476,10930
3277:674,61053,116929,75389,1097,17,709,116,14202,8276
3279:361,2030,224,564,226,17,709,116,14202,8276
3295:1730,53761,7305,114,2848,17,709,116,14202,8276
3305:115140,1196,34664,114703,226,17,709,116,14202,8276
3306:23395,12690,65549,9,114712,114716,1651,2848,17,709
3308:65,1827,2696,2403,2714,32,17,302,709,116
3309:1806,5069,84,302,289,518,7611,2848,17,709
3319:3003,5287,17,709,116,14202,8276,18867,1039,3476
3320:363,1807,95895,12761,224,17,709,116,14202,8276
3328:116,1057,86,8579,29,44,226,17,709,14202
3329:98585,105339,55661,37524,226,17,709,116,14202,8276
3335:59585,34983,48,2265,189,1187,1109,226,17,709
3346:2375,103,245,48971,78165,226,17,709,116,14202
3352:65,790,2935,15,354,11325,226,17,709,116
3353:2583,931,564,30411,226,17,709,116,14202,8276
3360:2097,1039,1057,86,8579,302,14683,226,17,709
3374:15,1511,364,542,6691,698,17,709,116,14202
3376:239,1168,226,138,59470,4328,2848,17,709,116
3383:29,103598,138,101209,16816,40916,224,17,709,116
3386:776,5747,78188,65821,33283,44849,698,17,709,116
3411:431,1527,787,226,138,21285,81,17,709,116
3412:71593,56533,72467,78657,1007,226,17,709,116,14202
3413:806,61736,2714,2696,1827,1205,774,226,17,709
3416:12522,4755,20472,98933,33441,1352,17,709,116,14202
3419:750,356,3107,654,29,616,18319,226,17,709
3421:18391,1348,84,1086,861,289,7909,226,17,709
3423:1382,25827,69198,62285,94,17,302,709,116,14202
3426:1804,101,289,3233,6130,224,17,709,116,14202
3428:4414,285,302,8,58,654,22121,6503,17,709
3429:3107,790,944,2935,162,378,17,709,116,14202
3431:9,114712,114716,16413,698,17,709,116,14202,8276
3432:564,82677,78020,122365,17,302,709,116,14202,8276
3450:21028,9662,1382,111810,14997,52934,1097,17,709,116
3453:34138,101987,168,108164,63617,95503,226,17,709,116
3475:2030,56177,60761,27906,224,17,709,116,14202,8276
3478:1086,289,101,84,901,2848,17,709,116,14202
3479:726,105999,224,1245,15,82909,8,17,709,116
3480:923,19405,418,654,616,302,2848,17,709,116
3490:1217,19963,289,84,17,554,749,226,302,709
3500:8868,65,48,899,654,289,6157,2848,17,709
3514:3915,302,616,29,1804,4174,226,17,709,116
3529:669,17,709,116,14202,8276,18867,1039,3476,10930
3546:273,861,58,654,302,17,76,709,116,14202
3547:4942,654,616,302,289,1180,866,17,709,116
3551:47764,95106,72445,21833,21659,226,17,709,116,14202
3557:1730,168,60479,97114,1970,226,17,709,116,14202
3572:31775,2848,17,709,116,14202,8276,18867,1039,3476
3579:2714,2696,1827,29,51866,224,17,709,116,14202
3580:24831,780,64911,28953,6732,226,17,709,116,14202
3593:116,97,418,3017,654,29,15861,3704,17,709
3599:103348,38304,24831,47673,2848,17,709,116,14202,8276
3609:116,418,361,146,402,1180,226,17,709,14202
3610:1102,1086,8,402,301,17,709,116,14202,8276
3613:47426,107307,106011,84039,698,17,709,116,14202,8276
3628:4223,121452,116656,80269,84054,17,302,709,116,14202
3656:2816,7578,1389,654,29,875,294,226,17,709
3657:1102,54999,58,17,616,84,226,302,709,116
3663:22606,5214,48,1102,1187,58,36176,3704,17,709
3674:2317,4414,302,1951,58,861,13684,226,17,709
3684:80992,109728,88545,104197,2128,698,17,709,116,14202
3685:6559,10039,1403,70,4904,8,17,709,116,14202
3686:2675,15499,2848,17,709,116,14202,8276,18867,1039
3692:13526,3389,654,616,302,17,76,709,116,14202
3694:3017,84836,17211,93914,7685,224,17,709,116,14202
3701:1039,5848,1057,86,101,8579,58,378,17,709
3702:901,1410,38710,65335,72725,41857,17,302,709,116
3717:14202,46215,654,29,1086,861,3704,17,709,116
3721:14202,10856,2403,1827,189,654,239,3704,17,709
3728:1389,97862,53016,86364,74038,224,17,709,116,14202
3735:18867,1217,29,8,361,861,1499,2848,17,709
3736:11626,967,1913,48,1187,1827,226,17,709,116
3737:302,654,84,58,294,866,17,709,116,14202
3751:654,29,8,58,32,698,17,709,116,14202
3752:302,361,58,29,3730,17,654,709,116,14202
3800:61,13273,1102,861,58,302,1023,3704,17,709
3811:16525,65806,64337,15051,15506,226,17,709,116,14202
3820:189,58,8,17,1091,226,302,709,116,14202
3840:116,1102,654,8,58,3234,224,17,709,14202
3846:673,5420,1057,86,8579,302,1023,226,17,709
3849:179,518,866,58,5767,8,239,226,17,709
3850:749,790,2935,1168,654,226,17,709,116,14202
3857:2030,1102,189,6759,8,239,866,17,709,116
3859:5361,49217,3389,302,289,58,9142,226,17,709
3862:1109,65,944,1187,402,891,4478,226,17,709
3888:709,2403,2714,2696,774,1499,2848,17,116,14202
3911:5896,18159,790,2935,5480,719,2709,698,17,709
3921:1389,827,70,45231,8,17,709,116,14202,8276
3929:6249,1527,790,2935,10039,301,17,709,116,14202
3930:2597,296,2403,2714,2696,790,226,17,709,116
3934:31149,33373,226,17,709,116,14202,8276,18867,1039
3947:1168,518,84,302,1023,226,17,709,116,14202
3950:1389,10039,302,6759,12223,226,17,709,116,14202
3962:9931,1389,4268,15,616,294,226,17,709,116
3974:81362,38716,4755,103161,42197,87041,7008,224,17,709
3975:1217,650,58,654,3234,302,8,17,709,116
3988:11243,3107,827,1389,4268,226,17,709,116,14202
4001:4259,17,709,116,14202,8276,18867,1039,3476,10930
4006:2200,353,146,105708,116595,26143,674,710,17,709
4007:43754,26820,115630,34075,226,17,709,116,14202,8276
4008:226,2583,138,931,301,17,709,116,14202,8276
4009:2239,46276,327,542,61,861,302,2139,17,709
4028:17784,3107,827,4755,56933,224,17,709,116,14202
4031:1382,13045,93496,69198,2848,17,709,116,14202,8276
4035:9159,29976,44463,60087,774,500,17,709,116,14202
4053:10323,295,2403,1827,774,490,3731,301,17,709
4064:14003,2265,189,302,654,749,226,17,709,116
4067:189,1827,654,2696,3234,226,17,709,116,14202
4068:3141,1827,2696,2403,2714,17,302,709,116,14202
4069:3632,709,1102,518,861,1187,1549,3704,17,116
4075:17,709,116,14202,8276,18867,1039,3476,10930,3632
4076:25271,9,114712,114716,16413,224,17,709,116,14202
4084:3250,654,2265,510,29,861,749,17,302,709
4091:750,3107,1102,1086,5767,1239,226,17,709,116
4098:322,3563,1681,15763,15228,14657,12821,6456,17,302
4103:302,654,84,564,1091,378,17,709,116,14202
4104:2030,302,654,84,239,226,17,709,116,14202
4124:54300,10832,2714,2696,1827,774,698,17,709,116
4132:5465,14202,2265,189,944,8,483,226,17,709
4134:12084,116572,1,81931,669,17,709,116,14202,8276
4138:17220,124,790,1086,5767,2162,16266,226,17,709
4140:2337,1168,115553,111288,62472,31890,1091,17,709,116
4149:17,709,116,14202,8276,18867,1039,3476,10930,3632
4158:3177,5214,564,13188,51478,52646,8066,226,17,709
4164:32162,1631,790,2265,2935,2162,1023,301,17,709
4167:1086,94,508,542,15825,226,17,709,116,14202
4171:115965,111369,68178,48130,11755,8,17,709,116,14202
4177:17612,1362,1527,1511,542,61,226,17,709,116
4179:2816,7700,2714,2696,1827,189,2626,226,17,709
4184:199,19963,616,289,101,84,15245,226,17,709
4190:591,3728,95390,111769,33842,50271,6503,17,709,116
4209:32778,65550,98335,81995,8,17,709,116,14202,8276
4210:19984,1527,101,58,554,6509,698,17,709,116
4211:28789,43926,108608,91309,698,17,709,116,14202,8276
4213:22606,29552,289,302,654,861,3704,17,709,116
4223:2092,17,709,116,14202,8276,18867,1039,3476,10930
4237:699,518,6759,302,1762,3704,17,709,116,14202
4242:302,559,1057,86,1951,8579,776,3704,17,709
4248:669,17,709,116,14202,8276,18867,1039,3476,10930
4249:168,1730,564,82677,13739,224,17,709,116,14202
4265:94635,33830,26136,37952,17,302,709,116,14202,8276
4269:18867,1196,1057,86,8579,29,356,226,17,709
4273:302,654,84,301,2168,224,17,709,116,14202
4275:3017,654,29,58,9012,226,17,709,116,14202
4277:4756,8276,189,654,289,1951,226,17,709,116
4281:901,322,189,1352,302,58,2848,17,709,116
4301:116,1451,48,1187,1086,654,302,226,17,709
4303:1684,1527,518,1086,84,2064,3704,17,709,116
4304:65,302,101,1086,861,226,17,709,116,14202
4344:3632,5465,3017,3389,364,861,7672,17,302,709
4353:787,42981,112280,45392,6129,698,17,709,116,14202
4357:2403,2714,2696,774,9024,226,17,709,116,14202
4365:14593,168,49335,86163,86341,30304,224,17,709,116
4371:60334,10066,3017,616,1511,1424,901,8,17,709
4372:42352,967,5767,827,302,654,239,226,17,709
4399:6091,5604,1951,518,58,84,3704,17,709,116
4400:656,554,289,364,58,4268,2021,669,17,709
4407:827,101,29,58,6157,2848,17,709,116,14202
4424:46978,83937,83734,16414,301,17,709,116,14202,8276
4426:4455,95591,42487,64071,111807,226,17,709,116,14202
4436:1065,2583,1951,2268,1190,736,302,226,17,709
4453:224,17,709,116,14202,8276,18867,1039,3476,10930
4457:1057,8579,86,8,624,226,17,709,116,14202
